/ year, quantile, hour, minute, second of the profile:
 2023,  1, 1,  0,  0
/ location of the meteo profile in the domaine (x,y):
 0.0  0.0
/ Sea level pressure
 101325.0
/ Temperature profile: number of altitudes,(alt.,T in celcius,H in kg/kg ,Nc in N/cm**3)
 201
 3.0  16.1173  0.0  0.0
 9.0  16.0652  0.0  0.0
 15.0  16.0103  0.0  0.0
 21.0  15.9545  0.0  0.0
 33.0  15.8417  0.0  0.0
 39.0  15.785  0.0  0.0
 45.0  15.7281  0.0  0.0
 51.0  15.6712  0.0  0.0
 63.0  15.5571  0.0  0.0
 69.0  15.5  0.0  0.0
 75.0  15.4428  0.0  0.0
 81.0  15.3856  0.0  0.0
 93.0  15.2712  0.0  0.0
 99.0  15.214  0.0  0.0
 105.0  15.1568  0.0  0.0
 111.0  15.0995  0.0  0.0
 123.0  14.9851  0.0  0.0
 129.0  14.9279  0.0  0.0
 135.0  14.8707  0.0  0.0
 141.0  14.8135  0.0  0.0
 153.0  14.6993  0.0  0.0
 159.0  14.6423  0.0  0.0
 165.0  14.5853  0.0  0.0
 171.0  14.5285  0.0  0.0
 183.0  14.4152  0.0  0.0
 189.0  14.3589  0.0  0.0
 195.0  14.3029  0.0  0.0
 201.0  14.2473  0.0  0.0
 213.0  14.1381  0.0  0.0
 219.0  14.0859  0.0  0.0
 225.0  14.039  0.0  0.0
 231.0  14.0221  0.0  0.0
 243.0  18.6378  0.0  0.0
 249.0  18.7193  0.0  0.0
 255.0  18.7593  0.0  0.0
 261.0  18.7782  0.0  0.0
 273.0  18.7738  0.0  0.0
 279.0  18.7581  0.0  0.0
 285.0  18.7368  0.0  0.0
 291.0  18.7114  0.0  0.0
 303.0  18.6531  0.0  0.0
 309.0  18.6216  0.0  0.0
 315.0  18.5891  0.0  0.0
 327.0  18.5223  0.0  0.0
 333.0  18.4883  0.0  0.0
 339.0  18.4541  0.0  0.0
 345.0  18.4197  0.0  0.0
 357.0  18.3507  0.0  0.0
 363.0  18.316  0.0  0.0
 369.0  18.2813  0.0  0.0
 375.0  18.2466  0.0  0.0
 387.0  18.1771  0.0  0.0
 393.0  18.1424  0.0  0.0
 399.0  18.1076  0.0  0.0
 405.0  18.0728  0.0  0.0
 417.0  18.0032  0.0  0.0
 423.0  17.9684  0.0  0.0
 429.0  17.9336  0.0  0.0
 435.0  17.8988  0.0  0.0
 447.0  17.8291  0.0  0.0
 453.0  17.7943  0.0  0.0
 459.0  17.7595  0.0  0.0
 465.0  17.7246  0.0  0.0
 477.0  17.6549  0.0  0.0
 483.0  17.62  0.0  0.0
 489.0  17.5852  0.0  0.0
 495.0  17.5503  0.0  0.0
 507.0  17.4805  0.0  0.0
 513.0  17.4457  0.0  0.0
 519.0  17.4108  0.0  0.0
 525.0  17.3759  0.0  0.0
 537.0  17.3061  0.0  0.0
 543.0  17.2712  0.0  0.0
 549.0  17.2363  0.0  0.0
 555.0  17.2013  0.0  0.0
 567.0  17.1315  0.0  0.0
 573.0  17.0966  0.0  0.0
 579.0  17.0616  0.0  0.0
 585.0  17.0267  0.0  0.0
 597.0  16.9568  0.0  0.0
 603.0  16.9218  0.0  0.0
 609.0  16.8869  0.0  0.0
 621.0  16.8169  0.0  0.0
 627.0  16.7819  0.0  0.0
 633.0  16.747  0.0  0.0
 639.0  16.712  0.0  0.0
 651.0  16.642  0.0  0.0
 657.0  16.607  0.0  0.0
 663.0  16.572  0.0  0.0
 669.0  16.537  0.0  0.0
 681.0  16.4669  0.0  0.0
 687.0  16.4319  0.0  0.0
 693.0  16.3969  0.0  0.0
 699.0  16.3618  0.0  0.0
 711.0  16.2918  0.0  0.0
 717.0  16.2567  0.0  0.0
 723.0  16.2217  0.0  0.0
 729.0  16.1866  0.0  0.0
 741.0  16.1165  0.0  0.0
 747.0  16.0814  0.0  0.0
 753.0  16.0463  0.0  0.0
 759.0  16.0112  0.0  0.0
 771.0  15.9411  0.0  0.0
 777.0  15.906  0.0  0.0
 783.0  15.8709  0.0  0.0
 789.0  15.8358  0.0  0.0
 801.0  15.7655  0.0  0.0
 807.0  15.7304  0.0  0.0
 813.0  15.6953  0.0  0.0
 819.0  15.6602  0.0  0.0
 831.0  15.5899  0.0  0.0
 837.0  15.5548  0.0  0.0
 843.0  15.5196  0.0  0.0
 849.0  15.4845  0.0  0.0
 861.0  15.4141  0.0  0.0
 867.0  15.379  0.0  0.0
 873.0  15.3438  0.0  0.0
 879.0  15.3086  0.0  0.0
 891.0  15.2383  0.0  0.0
 897.0  15.2031  0.0  0.0
 903.0  15.1679  0.0  0.0
 915.0  15.0975  0.0  0.0
 921.0  15.0623  0.0  0.0
 927.0  15.027  0.0  0.0
 933.0  14.9918  0.0  0.0
 945.0  14.9214  0.0  0.0
 951.0  14.8861  0.0  0.0
 957.0  14.8509  0.0  0.0
 963.0  14.8156  0.0  0.0
 975.0  14.7451  0.0  0.0
 981.0  14.7099  0.0  0.0
 987.0  14.6746  0.0  0.0
 993.0  14.6394  0.0  0.0
 1005.0  14.5688  0.0  0.0
 1011.0  14.5335  0.0  0.0
 1017.0  14.4982  0.0  0.0
 1023.0  14.463  0.0  0.0
 1035.0  14.3924  0.0  0.0
 1041.0  14.3571  0.0  0.0
 1047.0  14.3217  0.0  0.0
 1053.0  14.2864  0.0  0.0
 1065.0  14.2158  0.0  0.0
 1071.0  14.1805  0.0  0.0
 1077.0  14.1451  0.0  0.0
 1083.0  14.1098  0.0  0.0
 1095.0  14.0391  0.0  0.0
 1101.0  14.0037  0.0  0.0
 1107.0  13.9684  0.0  0.0
 1113.0  13.933  0.0  0.0
 1125.0  13.8623  0.0  0.0
 1131.0  13.8269  0.0  0.0
 1137.0  13.7915  0.0  0.0
 1143.0  13.7561  0.0  0.0
 1155.0  13.6854  0.0  0.0
 1161.0  13.65  0.0  0.0
 1167.0  13.6146  0.0  0.0
 1173.0  13.5792  0.0  0.0
 1185.0  13.5083  0.0  0.0
 1191.0  13.4729  0.0  0.0
 1197.0  13.4375  0.0  0.0
 1209.0  13.3666  0.0  0.0
 1215.0  13.3312  0.0  0.0
 1221.0  13.2957  0.0  0.0
 1227.0  13.2603  0.0  0.0
 1239.0  13.1893  0.0  0.0
 1245.0  13.1539  0.0  0.0
 1251.0  13.1184  0.0  0.0
 1257.0  13.0829  0.0  0.0
 1269.0  13.012  0.0  0.0
 1275.0  12.9765  0.0  0.0
 1281.0  12.941  0.0  0.0
 1287.0  12.9055  0.0  0.0
 1299.0  12.8345  0.0  0.0
 1305.0  12.799  0.0  0.0
 1311.0  12.7634  0.0  0.0
 1317.0  12.7279  0.0  0.0
 1329.0  12.6569  0.0  0.0
 1335.0  12.6213  0.0  0.0
 1341.0  12.5858  0.0  0.0
 1347.0  12.5502  0.0  0.0
 1359.0  12.4791  0.0  0.0
 1365.0  12.4436  0.0  0.0
 1371.0  12.408  0.0  0.0
 1377.0  12.3724  0.0  0.0
 1389.0  12.3013  0.0  0.0
 1395.0  12.2657  0.0  0.0
 1401.0  12.2301  0.0  0.0
 1407.0  12.1945  0.0  0.0
 1419.0  12.1233  0.0  0.0
 1425.0  12.0877  0.0  0.0
 1431.0  12.0521  0.0  0.0
 1437.0  12.0165  0.0  0.0
 1449.0  11.9452  0.0  0.0
 1455.0  11.9096  0.0  0.0
 1461.0  11.874  0.0  0.0
 1467.0  11.8383  0.0  0.0
 1479.0  11.767  0.0  0.0
 1485.0  11.7314  0.0  0.0
 1491.0  11.6958  0.0  0.0
 1497.0  11.6601  0.0  0.0
 1507.0  11.6601  0.0  0.0
/ Wind profile: number of altitudes,(alt.,u,v,ect,eps)
 201
 3.0  6.8209482557818495  0.23694748373121732  0.238884  0.0177298
 9.0  7.598696449941871  0.24307390036944554  0.247916  0.00669541
 15.0  7.992958320258477  0.23811129878855475  0.23447  0.00376797
 21.0  8.2590914970791  0.23010081220134992  0.223317  0.00254322
 33.0  8.623692260106221  0.21105776622542782  0.205318  0.00148707
 39.0  8.760940770772697  0.2009519204006498  0.197516  0.0012158
 45.0  8.87982893999978  0.1906821775687999  0.190202  0.00102097
 51.0  8.984928875538564  0.18032810350381911  0.183256  0.000874484
 63.0  9.165096521044855  0.1595303605320466  0.170177  0.000669272
 69.0  9.243842614136884  0.1491198215094136  0.16395  0.000594793
 75.0  9.316715927591328  0.13872538616302066  0.157887  0.000532909
 81.0  9.384642633351202  0.12832244693358152  0.151963  0.000480778
 93.0  9.508429480375142  0.10751195669737035  0.140451  0.000398163
 99.0  9.565373664498335  0.09708856019987877  0.134828  0.000364936
 105.0  9.61958581171319  0.08664338455008824  0.129273  0.000335776
 111.0  9.67140972706045  0.0761448371229525  0.123772  0.000309974
 123.0  9.769008479194548  0.05497353385963999  0.112882  0.00026633
 129.0  9.815272712747698  0.044270931664857294  0.107466  0.000247688
 135.0  9.860134523768009  0.03344298578497096  0.102051  0.000230753
 141.0  9.903768446470067  0.022483547403795878  0.0966195  0.000215282
 153.0  9.98816652758653  0.0  0.0856536  0.000187953
 159.0  10.029283259257529  -0.011599555021435393  0.0801092  0.000175779
 165.0  10.069920223216727  -0.023513948005505547  0.0745145  0.000164426
 171.0  10.110277385193019  -0.035808092026917926  0.0688599  0.000153789
 183.0  10.191046882514861  -0.06190404578180386  0.057319  0.0001343
 189.0  10.232045077295554  -0.07599005390065328  0.0513967  0.000125291
 195.0  10.273985178859041  -0.09106894248185826  0.0453391  0.00011668
 201.0  10.317500404841663  -0.1074792900613959  0.039108  0.000108406
 213.0  10.414107069952319  -0.14741081089641872  0.0258636  9.26977e-05
 219.0  10.473068448016397  -0.17483433176418606  0.0185874  8.53047e-05
 225.0  10.552922294245041  -0.21724439239243543  0.0102541  7.81114e-05
 231.0  10.701404347192785  -0.32155739998220323  0.00115473  6.29059e-05
 243.0  9.648462330830265  -2.6372725877335337  1.97808e-12  1.34462e-13
 249.0  9.646895374071327  -2.635037225286028  2.14192e-17  8.05159e-19
 255.0  9.647301285956798  -2.634309164471512  3.69925e-22  8.18708e-24
 261.0  9.647657224600952  -2.633764299964961  1e-24  1e-24
 273.0  9.6479739039455  -2.6329833722984413  1e-24  1e-24
 279.0  9.648046786611237  -2.632716192605353  1e-24  1e-24
 285.0  9.64800593382079  -2.632485971004416  1e-24  1e-24
 291.0  9.648048193566384  -2.6323310515082174  1e-24  1e-24
 303.0  9.647911515841026  -2.632072130033605  1e-24  1e-24
 309.0  9.647929730322979  -2.6320053577819493  1e-24  1e-24
 315.0  9.64784688990412  -2.63192905812609  1e-24  1e-24
 327.0  9.647768065555887  -2.6318380360049187  1e-24  1e-24
 333.0  9.647773571297023  -2.6318178525743043  1e-24  1e-24
 339.0  9.647681108746216  -2.6317768265769312  1e-24  1e-24
 345.0  9.647683995635811  -2.6317662435628733  1e-24  1e-24
 357.0  9.647591019223025  -2.631727101325988  1e-24  1e-24
 363.0  9.6475920111691  -2.6317234649627257  1e-24  1e-24
 369.0  9.647592673137304  -2.631721038261404  1e-24  1e-24
 375.0  9.647593100753664  -2.631719470667702  1e-24  1e-24
 387.0  9.647593502297566  -2.631717998652711  1e-24  1e-24
 393.0  9.647497088994779  -2.631691455669791  1e-24  1e-24
 399.0  9.647497097113556  -2.6316914259072646  1e-24  1e-24
 405.0  9.647497070725558  -2.6316915226427104  1e-24  1e-24
 417.0  9.647496965139355  -2.631691909709911  1e-24  1e-24
 423.0  9.647496901994485  -2.6316921411919383  1e-24  1e-24
 429.0  9.647496838468017  -2.6316923740728524  1e-24  1e-24
 435.0  9.647496777352183  -2.63169259811666  1e-24  1e-24
 447.0  9.64749666817898  -2.631692998333398  1e-24  1e-24
 453.0  9.647496621355877  -2.6316931699816526  1e-24  1e-24
 459.0  9.647496579893534  -2.6316933219779575  1e-24  1e-24
 465.0  9.647496543488256  -2.6316934554356335  1e-24  1e-24
 477.0  9.647496484559623  -2.6316936714614068  1e-24  1e-24
 483.0  9.647496461153597  -2.6316937572652743  1e-24  1e-24
 489.0  9.647496441168775  -2.6316938305273965  1e-24  1e-24
 495.0  9.6474964242104  -2.6316938926948983  1e-24  1e-24
 507.0  9.647496397778454  -2.6316939895914575  1e-24  1e-24
 513.0  9.647496387629062  -2.631694026797992  1e-24  1e-24
 519.0  9.647496379130006  -2.631694057954581  1e-24  1e-24
 525.0  9.647496372034695  -2.631694083965196  1e-24  1e-24
 537.0  9.6474963612088  -2.631694123651716  1e-24  1e-24
 543.0  9.647496357129857  -2.6316941386046597  1e-24  1e-24
 549.0  9.647496353756894  -2.6316941509695666  1e-24  1e-24
 555.0  9.64749635096456  -2.631694161205946  1e-24  1e-24
 567.0  9.647496346765772  -2.631694176598237  1e-24  1e-24
 573.0  9.647496345206308  -2.6316941823150537  1e-24  1e-24
 579.0  9.647496343922647  -2.631694187020813  1e-24  1e-24
 585.0  9.647496342870312  -2.6316941908785574  1e-24  1e-24
 597.0  9.647496341300085  -2.631694196634833  1e-24  1e-24
 603.0  9.647496340721286  -2.631694198756645  1e-24  1e-24
 609.0  9.647496340248434  -2.6316942004900685  1e-24  1e-24
 621.0  9.64749633954734  -2.6316942030602  1e-24  1e-24
 627.0  9.647496339290182  -2.631694204002915  1e-24  1e-24
 633.0  9.64749633908097  -2.631694204769862  1e-24  1e-24
 639.0  9.647496338910768  -2.631694205393804  1e-24  1e-24
 651.0  9.647496338659822  -2.631694206313741  1e-24  1e-24
 657.0  9.647496338568926  -2.631694206646956  1e-24  1e-24
 663.0  9.647496338495122  -2.6316942069175107  1e-24  1e-24
 669.0  9.647496338431969  -2.6316942071490264  1e-24  1e-24
 681.0  9.647496338343352  -2.6316942074738843  1e-24  1e-24
 687.0  9.64749633831631  -2.6316942075730183  1e-24  1e-24
 693.0  9.647496338287322  -2.6316942076792853  1e-24  1e-24
 699.0  9.647496338264723  -2.6316942077621324  1e-24  1e-24
 711.0  9.64749633823374  -2.6316942078757086  1e-24  1e-24
 717.0  9.647496338220677  -2.631694207923598  1e-24  1e-24
 723.0  9.647496338213019  -2.631694207951671  1e-24  1e-24
 729.0  9.647496338203187  -2.6316942079877186  1e-24  1e-24
 741.0  9.64749633819355  -2.6316942080230405  1e-24  1e-24
 747.0  9.647496338188473  -2.6316942080416568  1e-24  1e-24
 753.0  9.647496338192033  -2.6316942080286028  1e-24  1e-24
 759.0  9.647496338182304  -2.6316942080642733  1e-24  1e-24
 771.0  9.647496338194017  -2.6316942080213317  1e-24  1e-24
 777.0  9.647496338172033  -2.6316942081019197  1e-24  1e-24
 783.0  9.64749633819186  -2.631694208029236  1e-24  1e-24
 789.0  9.647496338184732  -2.631694208055368  1e-24  1e-24
 801.0  9.647496338171951  -2.6316942081022248  1e-24  1e-24
 807.0  9.64749633818052  -2.6316942080708077  1e-24  1e-24
 813.0  9.647496338176335  -2.631694208086151  1e-24  1e-24
 819.0  9.647496338177033  -2.631694208083592  1e-24  1e-24
 831.0  9.64749633817705  -2.631694208083531  1e-24  1e-24
 837.0  9.647496338177135  -2.631694208083217  1e-24  1e-24
 843.0  9.647496338177218  -2.631694208082916  1e-24  1e-24
 849.0  9.647496338177294  -2.6316942080826355  1e-24  1e-24
 861.0  9.647496338177397  -2.6316942080822554  1e-24  1e-24
 867.0  9.647496338177465  -2.6316942080820107  1e-24  1e-24
 873.0  9.647496338177493  -2.631694208081905  1e-24  1e-24
 879.0  9.647496338177524  -2.631694208081795  1e-24  1e-24
 891.0  9.64749633817756  -2.6316942080816617  1e-24  1e-24
 897.0  9.64749633817758  -2.631694208081583  1e-24  1e-24
 903.0  9.647496338177604  -2.631694208081501  1e-24  1e-24
 915.0  9.647496338177625  -2.631694208081422  1e-24  1e-24
 921.0  9.647496338177636  -2.6316942080813805  1e-24  1e-24
 927.0  9.647496338177653  -2.6316942080813193  1e-24  1e-24
 933.0  9.647496338177648  -2.63169420808134  1e-24  1e-24
 945.0  9.647496338177667  -2.631694208081267  1e-24  1e-24
 951.0  9.647496338177673  -2.631694208081245  1e-24  1e-24
 957.0  9.647496338177659  -2.631694208081299  1e-24  1e-24
 963.0  9.647496338177662  -2.6316942080812864  1e-24  1e-24
 975.0  9.647496338177666  -2.631694208081273  1e-24  1e-24
 981.0  9.647496338177675  -2.631694208081238  1e-24  1e-24
 987.0  9.647496338177673  -2.6316942080812464  1e-24  1e-24
 993.0  9.647496338177675  -2.6316942080812384  1e-24  1e-24
 1005.0  9.647496338177678  -2.631694208081228  1e-24  1e-24
 1011.0  9.647496338177678  -2.6316942080812287  1e-24  1e-24
 1017.0  9.647496338177678  -2.6316942080812287  1e-24  1e-24
 1023.0  9.647496338177678  -2.631694208081228  1e-24  1e-24
 1035.0  9.647496338177682  -2.631694208081217  1e-24  1e-24
 1041.0  9.647496338177682  -2.631694208081217  1e-24  1e-24
 1047.0  9.647496338177682  -2.631694208081217  1e-24  1e-24
 1053.0  9.647496338177682  -2.631694208081217  1e-24  1e-24
 1065.0  9.647496338177682  -2.631694208081217  1e-24  1e-24
 1071.0  9.647496338177682  -2.631694208081217  1e-24  1e-24
 1077.0  9.647496338177682  -2.631694208081217  1e-24  1e-24
 1083.0  9.647496338177682  -2.631694208081217  1e-24  1e-24
 1095.0  9.647496338177682  -2.631694208081217  1e-24  1e-24
 1101.0  9.647496338177682  -2.631694208081217  1e-24  1e-24
 1107.0  9.647496338177682  -2.631694208081217  1e-24  1e-24
 1113.0  9.647496338177682  -2.631694208081217  1e-24  1e-24
 1125.0  9.647496338177682  -2.631694208081217  1e-24  1e-24
 1131.0  9.647496338177682  -2.631694208081217  1e-24  1e-24
 1137.0  9.647496338177682  -2.631694208081217  1e-24  1e-24
 1143.0  9.647496338177682  -2.631694208081217  1e-24  1e-24
 1155.0  9.647496338177682  -2.631694208081217  1e-24  1e-24
 1161.0  9.647496338177682  -2.631694208081217  1e-24  1e-24
 1167.0  9.647496338177682  -2.631694208081217  1e-24  1e-24
 1173.0  9.647496338177682  -2.631694208081217  1e-24  1e-24
 1185.0  9.647496338177682  -2.631694208081217  1e-24  1e-24
 1191.0  9.647496338177682  -2.631694208081217  1e-24  1e-24
 1197.0  9.647496338177682  -2.631694208081217  1e-24  1e-24
 1209.0  9.647496338177682  -2.631694208081217  1e-24  1e-24
 1215.0  9.647496338177682  -2.631694208081217  1e-24  1e-24
 1221.0  9.647496338177682  -2.631694208081217  1e-24  1e-24
 1227.0  9.647496338177682  -2.631694208081217  1e-24  1e-24
 1239.0  9.647496338177682  -2.631694208081217  1e-24  1e-24
 1245.0  9.647496338177682  -2.631694208081217  1e-24  1e-24
 1251.0  9.647496338177682  -2.631694208081217  1e-24  1e-24
 1257.0  9.647496338177682  -2.631694208081217  1e-24  1e-24
 1269.0  9.647496338177682  -2.631694208081217  1e-24  1e-24
 1275.0  9.647496338177682  -2.631694208081217  1e-24  1e-24
 1281.0  9.647496338177682  -2.631694208081217  1e-24  1e-24
 1287.0  9.647496338177682  -2.631694208081217  1e-24  1e-24
 1299.0  9.647496338177682  -2.631694208081217  1e-24  1e-24
 1305.0  9.647496338177682  -2.631694208081217  1e-24  1e-24
 1311.0  9.647496338177682  -2.631694208081217  1e-24  1e-24
 1317.0  9.647496338177682  -2.631694208081217  1e-24  1e-24
 1329.0  9.647496338177682  -2.631694208081217  1e-24  1e-24
 1335.0  9.647496338177682  -2.631694208081217  1e-24  1e-24
 1341.0  9.647496338177682  -2.631694208081217  1e-24  1e-24
 1347.0  9.647496338177682  -2.631694208081217  1e-24  1e-24
 1359.0  9.647496338177682  -2.631694208081217  1e-24  1e-24
 1365.0  9.647496338177682  -2.631694208081217  1e-24  1e-24
 1371.0  9.647496338177682  -2.6316942080812167  1e-24  1e-24
 1377.0  9.647496338177682  -2.6316942080812167  1e-24  1e-24
 1389.0  9.647496338177682  -2.631694208081217  1e-24  1e-24
 1395.0  9.647496338177682  -2.631694208081217  1e-24  1e-24
 1401.0  9.647496338177682  -2.631694208081217  1e-24  1e-24
 1407.0  9.647496338177682  -2.6316942080812167  1e-24  1e-24
 1419.0  9.647496338177682  -2.631694208081217  1e-24  1e-24
 1425.0  9.647496338177682  -2.6316942080812167  1e-24  1e-24
 1431.0  9.647496338177682  -2.6316942080812167  1e-24  1e-24
 1437.0  9.647496338177682  -2.631694208081217  1e-24  1e-24
 1449.0  9.647496338177682  -2.6316942080812167  1e-24  1e-24
 1455.0  9.647496338177682  -2.6316942080812167  1e-24  1e-24
 1461.0  9.647496338177682  -2.631694208081217  1e-24  1e-24
 1467.0  9.647496338177682  -2.631694208081217  1e-24  1e-24
 1479.0  9.647496338177682  -2.631694208081217  1.76721e-21  6.47631e-24
 1485.0  9.647496338177682  -2.631694208081217  2.94199e-17  9.32338e-20
 1491.0  9.647496338177682  -2.631694208081217  5.022e-13  1.16004e-15
 1497.0  9.647496338177682  -2.6316942080812153  9.43713e-09  9.59612e-12
 1507.0  9.647496338177682  -2.6316942080812153  9.43713e-09  9.59612e-12
